
val(:,:,1,1) =

                         0                         0                         0        0.0186917970578165                         0                         0                         0
                         0         0.017324620921858        0.0214010714901634        0.0232485478485936        0.0214010714901634         0.017324620921858                         0
                         0        0.0214010714901634        0.0264259697091392        0.0287178402876968        0.0264259697091392        0.0214010714901634                         0
        0.0186917970578165        0.0232485478485936        0.0287178402876968        0.0311572496698901        0.0287178402876968        0.0232485478485936        0.0186917970578165
                         0        0.0214010714901634        0.0264259697091392        0.0287178402876968        0.0264259697091392        0.0214010714901634                         0
                         0         0.017324620921858        0.0214010714901634        0.0232485478485936        0.0214010714901634         0.017324620921858                         0
                         0                         0                         0        0.0186917970578165                         0                         0                         0


val(:,:,2,1) =

     0     0     0     0     0     0     0
     0     0     0     0     0     0     0
     0     0     0     0     0     0     0
     0     0     0     0     0     0     0
     0     0     0     0     0     0     0
     0     0     0     0     0     0     0
     0     0     0     0     0     0     0


val(:,:,3,1) =

     0     0     0     0     0     0     0
     0     0     0     0     0     0     0
     0     0     0     0     0     0     0
     0     0     0     0     0     0     0
     0     0     0     0     0     0     0
     0     0     0     0     0     0     0
     0     0     0     0     0     0     0


val(:,:,4,1) =

     0     0     0     0     0     0     0
     0     0     0     0     0     0     0
     0     0     0     0     0     0     0
     0     0     0     0     0     0     0
     0     0     0     0     0     0     0
     0     0     0     0     0     0     0
     0     0     0     0     0     0     0


val(:,:,1,2) =

     0     0     0     0     0     0     0
     0     0     0     0     0     0     0
     0     0     0     0     0     0     0
     0     0     0     0     0     0     0
     0     0     0     0     0     0     0
     0     0     0     0     0     0     0
     0     0     0     0     0     0     0


val(:,:,2,2) =

                         0                         0                         0        0.0186917970578165                         0                         0                         0
                         0         0.017324620921858        0.0214010714901634        0.0232485478485936        0.0214010714901634         0.017324620921858                         0
                         0        0.0214010714901634        0.0264259697091392        0.0287178402876968        0.0264259697091392        0.0214010714901634                         0
        0.0186917970578165        0.0232485478485936        0.0287178402876968        0.0311572496698901        0.0287178402876968        0.0232485478485936        0.0186917970578165
                         0        0.0214010714901634        0.0264259697091392        0.0287178402876968        0.0264259697091392        0.0214010714901634                         0
                         0         0.017324620921858        0.0214010714901634        0.0232485478485936        0.0214010714901634         0.017324620921858                         0
                         0                         0                         0        0.0186917970578165                         0                         0                         0


val(:,:,3,2) =

     0     0     0     0     0     0     0
     0     0     0     0     0     0     0
     0     0     0     0     0     0     0
     0     0     0     0     0     0     0
     0     0     0     0     0     0     0
     0     0     0     0     0     0     0
     0     0     0     0     0     0     0


val(:,:,4,2) =

     0     0     0     0     0     0     0
     0     0     0     0     0     0     0
     0     0     0     0     0     0     0
     0     0     0     0     0     0     0
     0     0     0     0     0     0     0
     0     0     0     0     0     0     0
     0     0     0     0     0     0     0


val(:,:,1,3) =

     0     0     0     0     0     0     0
     0     0     0     0     0     0     0
     0     0     0     0     0     0     0
     0     0     0     0     0     0     0
     0     0     0     0     0     0     0
     0     0     0     0     0     0     0
     0     0     0     0     0     0     0


val(:,:,2,3) =

     0     0     0     0     0     0     0
     0     0     0     0     0     0     0
     0     0     0     0     0     0     0
     0     0     0     0     0     0     0
     0     0     0     0     0     0     0
     0     0     0     0     0     0     0
     0     0     0     0     0     0     0


val(:,:,3,3) =

                         0                         0                         0        0.0186917970578165                         0                         0                         0
                         0         0.017324620921858        0.0214010714901634        0.0232485478485936        0.0214010714901634         0.017324620921858                         0
                         0        0.0214010714901634        0.0264259697091392        0.0287178402876968        0.0264259697091392        0.0214010714901634                         0
        0.0186917970578165        0.0232485478485936        0.0287178402876968        0.0311572496698901        0.0287178402876968        0.0232485478485936        0.0186917970578165
                         0        0.0214010714901634        0.0264259697091392        0.0287178402876968        0.0264259697091392        0.0214010714901634                         0
                         0         0.017324620921858        0.0214010714901634        0.0232485478485936        0.0214010714901634         0.017324620921858                         0
                         0                         0                         0        0.0186917970578165                         0                         0                         0


val(:,:,4,3) =

     0     0     0     0     0     0     0
     0     0     0     0     0     0     0
     0     0     0     0     0     0     0
     0     0     0     0     0     0     0
     0     0     0     0     0     0     0
     0     0     0     0     0     0     0
     0     0     0     0     0     0     0


val(:,:,1,4) =

     0     0     0     0     0     0     0
     0     0     0     0     0     0     0
     0     0     0     0     0     0     0
     0     0     0     0     0     0     0
     0     0     0     0     0     0     0
     0     0     0     0     0     0     0
     0     0     0     0     0     0     0


val(:,:,2,4) =

     0     0     0     0     0     0     0
     0     0     0     0     0     0     0
     0     0     0     0     0     0     0
     0     0     0     0     0     0     0
     0     0     0     0     0     0     0
     0     0     0     0     0     0     0
     0     0     0     0     0     0     0


val(:,:,3,4) =

     0     0     0     0     0     0     0
     0     0     0     0     0     0     0
     0     0     0     0     0     0     0
     0     0     0     0     0     0     0
     0     0     0     0     0     0     0
     0     0     0     0     0     0     0
     0     0     0     0     0     0     0


val(:,:,4,4) =

                         0                         0                         0        0.0186917970578165                         0                         0                         0
                         0         0.017324620921858        0.0214010714901634        0.0232485478485936        0.0214010714901634         0.017324620921858                         0
                         0        0.0214010714901634        0.0264259697091392        0.0287178402876968        0.0264259697091392        0.0214010714901634                         0
        0.0186917970578165        0.0232485478485936        0.0287178402876968        0.0311572496698901        0.0287178402876968        0.0232485478485936        0.0186917970578165
                         0        0.0214010714901634        0.0264259697091392        0.0287178402876968        0.0264259697091392        0.0214010714901634                         0
                         0         0.017324620921858        0.0214010714901634        0.0232485478485936        0.0214010714901634         0.017324620921858                         0
                         0                         0                         0        0.0186917970578165                         0                         0                         0

