
val(:,:,1,1) =

                         0                         0                         0        0.0182831485311857                         0                         0                         0
                         0        0.0168329674909406        0.0217653988139497        0.0240136571801865        0.0217653988139497        0.0168329674909406                         0
                         0        0.0217653988139497        0.0281317151841196        0.0310490572778653        0.0281317151841196        0.0217653988139497                         0
        0.0182831485311857        0.0240136571801865        0.0310490572778653        0.0342126819996243        0.0310490572778653        0.0240136571801865        0.0182831485311857
                         0        0.0217653988139497        0.0281317151841196        0.0310490572778653        0.0281317151841196        0.0217653988139497                         0
                         0        0.0168329674909406        0.0217653988139497        0.0240136571801865        0.0217653988139497        0.0168329674909406                         0
                         0                         0                         0        0.0182831485311857                         0                         0                         0


val(:,:,2,1) =

     0     0     0     0     0     0     0
     0     0     0     0     0     0     0
     0     0     0     0     0     0     0
     0     0     0     0     0     0     0
     0     0     0     0     0     0     0
     0     0     0     0     0     0     0
     0     0     0     0     0     0     0


val(:,:,3,1) =

     0     0     0     0     0     0     0
     0     0     0     0     0     0     0
     0     0     0     0     0     0     0
     0     0     0     0     0     0     0
     0     0     0     0     0     0     0
     0     0     0     0     0     0     0
     0     0     0     0     0     0     0


val(:,:,4,1) =

     0     0     0     0     0     0     0
     0     0     0     0     0     0     0
     0     0     0     0     0     0     0
     0     0     0     0     0     0     0
     0     0     0     0     0     0     0
     0     0     0     0     0     0     0
     0     0     0     0     0     0     0


val(:,:,1,2) =

     0     0     0     0     0     0     0
     0     0     0     0     0     0     0
     0     0     0     0     0     0     0
     0     0     0     0     0     0     0
     0     0     0     0     0     0     0
     0     0     0     0     0     0     0
     0     0     0     0     0     0     0


val(:,:,2,2) =

                         0                         0                         0        0.0185059839395849                         0                         0                         0
                         0        0.0170853608194714        0.0215823518720409         0.023625954997565        0.0215823518720409        0.0170853608194714                         0
                         0        0.0215823518720409        0.0272519146890331        0.0298433899647115        0.0272519146890331        0.0215823518720409                         0
        0.0185059839395849         0.023625954997565        0.0298433899647115        0.0326276490703928        0.0298433899647115         0.023625954997565        0.0185059839395849
                         0        0.0215823518720409        0.0272519146890331        0.0298433899647115        0.0272519146890331        0.0215823518720409                         0
                         0        0.0170853608194714        0.0215823518720409         0.023625954997565        0.0215823518720409        0.0170853608194714                         0
                         0                         0                         0        0.0185059839395849                         0                         0                         0


val(:,:,3,2) =

     0     0     0     0     0     0     0
     0     0     0     0     0     0     0
     0     0     0     0     0     0     0
     0     0     0     0     0     0     0
     0     0     0     0     0     0     0
     0     0     0     0     0     0     0
     0     0     0     0     0     0     0


val(:,:,4,2) =

     0     0     0     0     0     0     0
     0     0     0     0     0     0     0
     0     0     0     0     0     0     0
     0     0     0     0     0     0     0
     0     0     0     0     0     0     0
     0     0     0     0     0     0     0
     0     0     0     0     0     0     0


val(:,:,1,3) =

     0     0     0     0     0     0     0
     0     0     0     0     0     0     0
     0     0     0     0     0     0     0
     0     0     0     0     0     0     0
     0     0     0     0     0     0     0
     0     0     0     0     0     0     0
     0     0     0     0     0     0     0


val(:,:,2,3) =

     0     0     0     0     0     0     0
     0     0     0     0     0     0     0
     0     0     0     0     0     0     0
     0     0     0     0     0     0     0
     0     0     0     0     0     0     0
     0     0     0     0     0     0     0
     0     0     0     0     0     0     0


val(:,:,3,3) =

                         0                         0                         0        0.0186917970578165                         0                         0                         0
                         0         0.017324620921858        0.0214010714901634        0.0232485478485936        0.0214010714901634         0.017324620921858                         0
                         0        0.0214010714901634        0.0264259697091392        0.0287178402876968        0.0264259697091392        0.0214010714901634                         0
        0.0186917970578165        0.0232485478485936        0.0287178402876968        0.0311572496698901        0.0287178402876968        0.0232485478485936        0.0186917970578165
                         0        0.0214010714901634        0.0264259697091392        0.0287178402876968        0.0264259697091392        0.0214010714901634                         0
                         0         0.017324620921858        0.0214010714901634        0.0232485478485936        0.0214010714901634         0.017324620921858                         0
                         0                         0                         0        0.0186917970578165                         0                         0                         0


val(:,:,4,3) =

     0     0     0     0     0     0     0
     0     0     0     0     0     0     0
     0     0     0     0     0     0     0
     0     0     0     0     0     0     0
     0     0     0     0     0     0     0
     0     0     0     0     0     0     0
     0     0     0     0     0     0     0


val(:,:,1,4) =

     0     0     0     0     0     0     0
     0     0     0     0     0     0     0
     0     0     0     0     0     0     0
     0     0     0     0     0     0     0
     0     0     0     0     0     0     0
     0     0     0     0     0     0     0
     0     0     0     0     0     0     0


val(:,:,2,4) =

     0     0     0     0     0     0     0
     0     0     0     0     0     0     0
     0     0     0     0     0     0     0
     0     0     0     0     0     0     0
     0     0     0     0     0     0     0
     0     0     0     0     0     0     0
     0     0     0     0     0     0     0


val(:,:,3,4) =

     0     0     0     0     0     0     0
     0     0     0     0     0     0     0
     0     0     0     0     0     0     0
     0     0     0     0     0     0     0
     0     0     0     0     0     0     0
     0     0     0     0     0     0     0
     0     0     0     0     0     0     0


val(:,:,4,4) =

                         0                         0                         0        0.0191312137366266                         0                         0                         0
                         0         0.018157034141727        0.0207228510031226        0.0218735746477865        0.0207228510031226         0.018157034141727                         0
                         0        0.0207228510031226        0.0236416474430439        0.0249636752593714        0.0236416474430439        0.0207228510031226                         0
        0.0191312137366266        0.0218735746477865        0.0249636752593714        0.0263163593290749        0.0249636752593714        0.0218735746477865        0.0191312137366266
                         0        0.0207228510031226        0.0236416474430439        0.0249636752593714        0.0236416474430439        0.0207228510031226                         0
                         0         0.018157034141727        0.0207228510031226        0.0218735746477865        0.0207228510031226         0.018157034141727                         0
                         0                         0                         0        0.0191312137366266                         0                         0                         0

